Iteration:  1
OPEN:  ([6, 5], 4, [6, 6]), ([7, 5], 5, [6, 6]), ([7, 6], 6, [6, 6]), 
CLOSE:  ([6, 6], 0, NULL), 
----
Iteration:  2
OPEN:  ([7, 5], 5, [6, 6]), ([7, 6], 6, [6, 6]), ([5, 4], 7, [6, 5]), ([6, 4], 7, [6, 5]), ([7, 4], 7, [6, 5]), 
CLOSE:  ([6, 6], 0, NULL), ([6, 5], 4, [6, 6]), 
----
Iteration:  3
OPEN:  ([7, 6], 6, [6, 6]), ([5, 4], 7, [6, 5]), ([6, 4], 7, [6, 5]), ([7, 4], 7, [6, 5]), ([8, 4], 8, [7, 5]), 
CLOSE:  ([6, 6], 0, NULL), ([6, 5], 4, [6, 6]), ([7, 5], 5, [6, 6]), 
----
Iteration:  4
OPEN:  ([5, 4], 7, [6, 5]), ([6, 4], 7, [6, 5]), ([7, 4], 7, [6, 5]), ([8, 4], 8, [7, 5]), 
CLOSE:  ([6, 6], 0, NULL), ([6, 5], 4, [6, 6]), ([7, 5], 5, [6, 6]), ([7, 6], 6, [6, 6]), 
----
Iteration:  5
OPEN:  ([6, 4], 7, [6, 5]), ([7, 4], 7, [6, 5]), ([8, 4], 8, [7, 5]), ([4, 5], 10, [5, 4]), ([6, 3], 15, [5, 4]), ([4, 3], 16, [5, 4]), ([4, 4], 16, [5, 4]), 
CLOSE:  ([6, 6], 0, NULL), ([6, 5], 4, [6, 6]), ([7, 5], 5, [6, 6]), ([7, 6], 6, [6, 6]), ([5, 4], 7, [6, 5]), 
----
Iteration:  6
OPEN:  ([7, 4], 7, [6, 5]), ([8, 4], 8, [7, 5]), ([4, 5], 10, [5, 4]), ([6, 3], 15, [5, 4]), ([7, 3], 15, [6, 4]), ([4, 3], 16, [5, 4]), ([4, 4], 16, [5, 4]), 
CLOSE:  ([6, 6], 0, NULL), ([6, 5], 4, [6, 6]), ([7, 5], 5, [6, 6]), ([7, 6], 6, [6, 6]), ([5, 4], 7, [6, 5]), ([6, 4], 7, [6, 5]), 
----
Iteration:  7
OPEN:  ([8, 4], 8, [7, 5]), ([4, 5], 10, [5, 4]), ([6, 3], 15, [5, 4]), ([7, 3], 15, [6, 4]), ([4, 3], 16, [5, 4]), ([4, 4], 16, [5, 4]), ([8, 3], 16, [7, 4]), 
CLOSE:  ([6, 6], 0, NULL), ([6, 5], 4, [6, 6]), ([7, 5], 5, [6, 6]), ([7, 6], 6, [6, 6]), ([5, 4], 7, [6, 5]), ([6, 4], 7, [6, 5]), ([7, 4], 7, [6, 5]), 
----
Iteration:  8
OPEN:  ([4, 5], 10, [5, 4]), ([9, 4], 11, [8, 4]), ([6, 3], 15, [5, 4]), ([7, 3], 15, [6, 4]), ([4, 3], 16, [5, 4]), ([4, 4], 16, [5, 4]), ([8, 3], 16, [7, 4]), ([9, 3], 17, [8, 4]), ([9, 5], 17, [8, 4]), 
CLOSE:  ([6, 6], 0, NULL), ([6, 5], 4, [6, 6]), ([7, 5], 5, [6, 6]), ([7, 6], 6, [6, 6]), ([5, 4], 7, [6, 5]), ([6, 4], 7, [6, 5]), ([7, 4], 7, [6, 5]), ([8, 4], 8, [7, 5]), 
----
Iteration:  9
OPEN:  ([9, 4], 11, [8, 4]), ([3, 5], 13, [4, 5]), ([3, 4], 14, [4, 5]), ([6, 3], 15, [5, 4]), ([7, 3], 15, [6, 4]), ([4, 3], 16, [5, 4]), ([4, 4], 16, [5, 4]), ([8, 3], 16, [7, 4]), ([9, 3], 17, [8, 4]), ([9, 5], 17, [8, 4]), ([4, 6], 18, [4, 5]), ([3, 6], 19, [4, 5]), 
CLOSE:  ([6, 6], 0, NULL), ([6, 5], 4, [6, 6]), ([7, 5], 5, [6, 6]), ([7, 6], 6, [6, 6]), ([5, 4], 7, [6, 5]), ([6, 4], 7, [6, 5]), ([7, 4], 7, [6, 5]), ([8, 4], 8, [7, 5]), ([4, 5], 10, [5, 4]), 
----
Iteration:  10
OPEN:  ([3, 5], 13, [4, 5]), ([3, 4], 14, [4, 5]), ([6, 3], 15, [5, 4]), ([7, 3], 15, [6, 4]), ([4, 3], 16, [5, 4]), ([4, 4], 16, [5, 4]), ([8, 3], 16, [7, 4]), ([9, 3], 17, [8, 4]), ([9, 5], 17, [8, 4]), ([4, 6], 18, [4, 5]), ([3, 6], 19, [4, 5]), 
CLOSE:  ([6, 6], 0, NULL), ([6, 5], 4, [6, 6]), ([7, 5], 5, [6, 6]), ([7, 6], 6, [6, 6]), ([5, 4], 7, [6, 5]), ([6, 4], 7, [6, 5]), ([7, 4], 7, [6, 5]), ([8, 4], 8, [7, 5]), ([4, 5], 10, [5, 4]), ([9, 4], 11, [8, 4]), 
----
Iteration:  11
OPEN:  ([3, 4], 14, [4, 5]), ([6, 3], 15, [5, 4]), ([7, 3], 15, [6, 4]), ([4, 3], 16, [5, 4]), ([4, 4], 16, [5, 4]), ([8, 3], 16, [7, 4]), ([2, 5], 16, [3, 5]), ([9, 3], 17, [8, 4]), ([9, 5], 17, [8, 4]), ([4, 6], 18, [4, 5]), ([3, 6], 19, [4, 5]), ([2, 6], 22, [3, 5]), 
CLOSE:  ([6, 6], 0, NULL), ([6, 5], 4, [6, 6]), ([7, 5], 5, [6, 6]), ([7, 6], 6, [6, 6]), ([5, 4], 7, [6, 5]), ([6, 4], 7, [6, 5]), ([7, 4], 7, [6, 5]), ([8, 4], 8, [7, 5]), ([4, 5], 10, [5, 4]), ([9, 4], 11, [8, 4]), ([3, 5], 13, [4, 5]), 
----
Iteration:  12
OPEN:  ([6, 3], 15, [5, 4]), ([7, 3], 15, [6, 4]), ([4, 3], 16, [5, 4]), ([4, 4], 16, [5, 4]), ([8, 3], 16, [7, 4]), ([2, 5], 16, [3, 5]), ([3, 3], 16, [3, 4]), ([9, 3], 17, [8, 4]), ([9, 5], 17, [8, 4]), ([4, 6], 18, [4, 5]), ([3, 6], 19, [4, 5]), ([2, 6], 22, [3, 5]), 
CLOSE:  ([6, 6], 0, NULL), ([6, 5], 4, [6, 6]), ([7, 5], 5, [6, 6]), ([7, 6], 6, [6, 6]), ([5, 4], 7, [6, 5]), ([6, 4], 7, [6, 5]), ([7, 4], 7, [6, 5]), ([8, 4], 8, [7, 5]), ([4, 5], 10, [5, 4]), ([9, 4], 11, [8, 4]), ([3, 5], 13, [4, 5]), ([3, 4], 14, [4, 5]), 
----
Iteration:  13
OPEN:  ([7, 3], 15, [6, 4]), ([4, 3], 16, [5, 4]), ([4, 4], 16, [5, 4]), ([8, 3], 16, [7, 4]), ([2, 5], 16, [3, 5]), ([3, 3], 16, [3, 4]), ([9, 3], 17, [8, 4]), ([9, 5], 17, [8, 4]), ([4, 6], 18, [4, 5]), ([3, 6], 19, [4, 5]), ([7, 2], 20, [6, 3]), ([2, 6], 22, [3, 5]), ([6, 2], 22, [6, 3]), 
CLOSE:  ([6, 6], 0, NULL), ([6, 5], 4, [6, 6]), ([7, 5], 5, [6, 6]), ([7, 6], 6, [6, 6]), ([5, 4], 7, [6, 5]), ([6, 4], 7, [6, 5]), ([7, 4], 7, [6, 5]), ([8, 4], 8, [7, 5]), ([4, 5], 10, [5, 4]), ([9, 4], 11, [8, 4]), ([3, 5], 13, [4, 5]), ([3, 4], 14, [4, 5]), ([6, 3], 15, [5, 4]), 
----
Iteration:  14
OPEN:  ([4, 3], 16, [5, 4]), ([4, 4], 16, [5, 4]), ([8, 3], 16, [7, 4]), ([2, 5], 16, [3, 5]), ([3, 3], 16, [3, 4]), ([9, 3], 17, [8, 4]), ([9, 5], 17, [8, 4]), ([4, 6], 18, [4, 5]), ([3, 6], 19, [4, 5]), ([7, 2], 20, [6, 3]), ([8, 2], 21, [7, 3]), ([2, 6], 22, [3, 5]), ([6, 2], 22, [6, 3]), 
CLOSE:  ([6, 6], 0, NULL), ([6, 5], 4, [6, 6]), ([7, 5], 5, [6, 6]), ([7, 6], 6, [6, 6]), ([5, 4], 7, [6, 5]), ([6, 4], 7, [6, 5]), ([7, 4], 7, [6, 5]), ([8, 4], 8, [7, 5]), ([4, 5], 10, [5, 4]), ([9, 4], 11, [8, 4]), ([3, 5], 13, [4, 5]), ([3, 4], 14, [4, 5]), ([6, 3], 15, [5, 4]), ([7, 3], 15, [6, 4]), 
----
Iteration:  15
OPEN:  ([4, 3], 16, [5, 4]), ([4, 4], 16, [5, 4]), ([8, 3], 16, [7, 4]), ([3, 3], 16, [3, 4]), ([9, 3], 17, [8, 4]), ([9, 5], 17, [8, 4]), ([4, 6], 18, [4, 5]), ([3, 6], 19, [4, 5]), ([1, 5], 19, [2, 5]), ([7, 2], 20, [6, 3]), ([8, 2], 21, [7, 3]), ([2, 6], 22, [3, 5]), ([6, 2], 22, [6, 3]), ([1, 4], 25, [2, 5]), ([1, 6], 25, [2, 5]), 
CLOSE:  ([6, 6], 0, NULL), ([6, 5], 4, [6, 6]), ([7, 5], 5, [6, 6]), ([7, 6], 6, [6, 6]), ([5, 4], 7, [6, 5]), ([6, 4], 7, [6, 5]), ([7, 4], 7, [6, 5]), ([8, 4], 8, [7, 5]), ([4, 5], 10, [5, 4]), ([9, 4], 11, [8, 4]), ([3, 5], 13, [4, 5]), ([3, 4], 14, [4, 5]), ([6, 3], 15, [5, 4]), ([7, 3], 15, [6, 4]), ([2, 5], 16, [3, 5]), 